COMP_RIGHT

LEADIN_ON

TABS 0

T_PLASMA

SURF_OD

F 40.00

TUV 0.00, 0.00 //no torch tilt (bevel)

TORCH_ON

G01 1.7839063, 0.9617203, -0.2740331
G01 1.7839063, 0.9659003, -0.2589142
G01 1.7839063, 0.9698427, -0.2437316
G01 1.7839063, 0.9735465, -0.2284890
G01 1.7838603, 0.9770107, -0.2131903
G01 1.7133540, 0.9791193, -0.2032865
G01 1.6329372, 0.9809721, -0.1941486
G01 1.5525205, 0.9827397, -0.1849937
G01 1.4721037, 0.9844218, -0.1758228
G01 1.3916869, 0.9860184, -0.1666366
G01 1.3112702, 0.9875292, -0.1574359
G01 1.2308534, 0.9889542, -0.1482215
G01 1.1504366, 0.9902932, -0.1389942
G01 1.0700199, 0.9915461, -0.1297548
G01 0.9896031, 0.9927128, -0.1205042
G01 0.9091863, 0.9937932, -0.1112431
G01 0.8287696, 0.9947872, -0.1019723
G01 0.7483528, 0.9956948, -0.0926926
G01 0.6679360, 0.9965157, -0.0834049
G01 0.5875193, 0.9972501, -0.0741099
G01 0.5071025, 0.9978977, -0.0648085
G01 0.4266858, 0.9984586, -0.0555015
G01 0.3462690, 0.9989327, -0.0461896
G01 0.2658522, 0.9993199, -0.0368737
G01 0.1854355, 0.9996203, -0.0275546
G01 0.1050187, 0.9998338, -0.0182332
G01 0.0290986, 0.9999631, -0.0085879
G01 0.0959223, 0.9999996, -0.0009258
G01 0.1938445, 0.9999916, -0.0041069
G01 0.2917666, 0.9999734, -0.0072879
G01 0.3896887, 0.9999452, -0.0104689
G01 0.4876108, 0.9999068, -0.0136498
G01 0.5855330, 0.9998584, -0.0168305
G01 0.6834551, 0.9997998, -0.0200110
G01 0.7813772, 0.9997310, -0.0231914
G01 0.8792994, 0.9996522, -0.0263715
G01 0.9772215, 0.9995633, -0.0295513
G01 1.0751436, 0.9994642, -0.0327309
G01 1.1730657, 0.9993550, -0.0359101
G01 1.2709879, 0.9992357, -0.0390890
G01 1.3689100, 0.9991063, -0.0422674
G01 1.4668321, 0.9989668, -0.0454455
G01 1.5647543, 0.9988172, -0.0486230
G01 1.6626764, 0.9986575, -0.0518001
G01 1.7605985, 0.9984876, -0.0549767
G01 1.8585206, 0.9983077, -0.0581527
G01 1.9564428, 0.9981177, -0.0613281
G01 2.0543649, 0.9979175, -0.0645029
G01 2.1522870, 0.9977073, -0.0676770
G01 2.2502092, 0.9974869, -0.0708504
G01 2.3481313, 0.9972565, -0.0740232
G01 2.4460534, 0.9970160, -0.0771952
G01 2.5439755, 0.9967654, -0.0803664
G01 2.6418977, 0.9965047, -0.0835368
G01 2.7398198, 0.9962339, -0.0867063
G01 2.8377419, 0.9959531, -0.0898750
G01 2.9356640, 0.9956621, -0.0930427
G01 3.0335862, 0.9953611, -0.0962096
G01 3.1315083, 0.9950500, -0.0993754
G01 3.2294304, 0.9947289, -0.1025402
G01 3.3273526, 0.9943976, -0.1057040
G01 3.4252747, 0.9940563, -0.1088668
G01 3.5231968, 0.9937050, -0.1120284
G01 3.6211189, 0.9933436, -0.1151889
G01 3.7190411, 0.9929722, -0.1183482
G01 3.8169632, 0.9925907, -0.1215064
G01 3.9148853, 0.9921991, -0.1246633
G01 4.0128075, 0.9917975, -0.1278189
G01 4.1107296, 0.9913859, -0.1309733
G01 4.1911595, 0.9903152, -0.1388371
G01 4.2570204, 0.9886075, -0.1505165
G01 4.3228814, 0.9867620, -0.1621750
G01 4.3887424, 0.9847791, -0.1738108
G01 4.4546033, 0.9826589, -0.1854225
G01 4.5204643, 0.9804018, -0.1970083
G01 4.5863253, 0.9780082, -0.2085666
G01 4.6521862, 0.9754782, -0.2200959
G01 4.7180472, 0.9728124, -0.2315946
G01 4.7839082, 0.9700110, -0.2430609
G01 4.8497691, 0.9670745, -0.2544934
G01 4.9156301, 0.9640032, -0.2658905
G01 4.9814911, 0.9607977, -0.2772505
G01 4.9563835, 0.9573566, -0.2889089
G01 4.8905225, 0.9538798, -0.3001888
G01 4.8246615, 0.9502701, -0.3114269
G01 4.7588006, 0.9465280, -0.3226217
G01 4.6929396, 0.9426540, -0.3337715
G01 4.6270786, 0.9386487, -0.3448747
G01 4.5612177, 0.9345126, -0.3559300
G01 4.4953567, 0.9302463, -0.3669356
G01 4.4294957, 0.9258505, -0.3778901
G01 4.3636348, 0.9213256, -0.3887920
G01 4.2977738, 0.9166723, -0.3996397
G01 4.2319128, 0.9118913, -0.4104317
G01 4.1660519, 0.9069833, -0.4211665
G01 4.0727908, 0.9050070, -0.4253967
G01 3.9748686, 0.9036492, -0.4282735
G01 3.8769465, 0.9022822, -0.4311459
G01 3.7790244, 0.9009062, -0.4340139
G01 3.6811022, 0.8995210, -0.4368776
G01 3.5831801, 0.8981267, -0.4397368
G01 3.4852580, 0.8967233, -0.4425916
G01 3.3873359, 0.8953108, -0.4454420
G01 3.2894137, 0.8938893, -0.4482878
G01 3.1914916, 0.8924587, -0.4511290
G01 3.0935695, 0.8910191, -0.4539657
G01 2.9956474, 0.8895705, -0.4567979
G01 2.8977252, 0.8881129, -0.4596253
G01 2.7998031, 0.8866463, -0.4624482
G01 2.7018810, 0.8851707, -0.4652663
G01 2.6039588, 0.8836862, -0.4680798
G01 2.5060367, 0.8821927, -0.4708885
G01 2.4081146, 0.8806903, -0.4736925
G01 2.3101925, 0.8791790, -0.4764916
G01 2.2122703, 0.8776588, -0.4792860
G01 2.1143482, 0.8761297, -0.4820754
G01 2.0164261, 0.8745918, -0.4848600
G01 1.9185039, 0.8730449, -0.4876397
G01 1.8205818, 0.8714893, -0.4904145
G01 1.7226597, 0.8699248, -0.4931843
G01 1.6247376, 0.8683516, -0.4959491
G01 1.5268154, 0.8667695, -0.4987089
G01 1.4288933, 0.8651787, -0.5014637
G01 1.3309712, 0.8635791, -0.5042133
G01 1.2330491, 0.8619708, -0.5069579
G01 1.1351269, 0.8603538, -0.5096974
G01 1.0372048, 0.8587280, -0.5124316
G01 0.9392827, 0.8570936, -0.5151607
G01 0.8413605, 0.8554505, -0.5178846
G01 0.7434384, 0.8537987, -0.5206033
G01 0.6455163, 0.8521383, -0.5233166
G01 0.5475942, 0.8504693, -0.5260247
G01 0.4496720, 0.8487916, -0.5287275
G01 0.3517499, 0.8471054, -0.5314249
G01 0.2538278, 0.8454106, -0.5341169
G01 0.1559057, 0.8437073, -0.5368035
G01 0.0579835, 0.8419954, -0.5394847
G01 0.0120640, 0.8461581, -0.5329320
G01 0.0924807, 0.8510903, -0.5250194
G01 0.1728975, 0.8559485, -0.5170611
G01 0.2533143, 0.8607323, -0.5090579
G01 0.3337310, 0.8654412, -0.5010105
G01 0.4141478, 0.8700749, -0.4929195
G01 0.4945646, 0.8746330, -0.4847856
G01 0.5749813, 0.8791150, -0.4766096
G01 0.6553981, 0.8835207, -0.4683922
G01 0.7358149, 0.8878495, -0.4601341
G01 0.8162316, 0.8921011, -0.4518359
G01 0.8966484, 0.8962751, -0.4434985
G01 0.9770652, 0.9003713, -0.4351225
G01 1.0574819, 0.9043891, -0.4267087
G01 1.1378987, 0.9083284, -0.4182577
G01 1.2183155, 0.9121887, -0.4097705
G01 1.2987322, 0.9159696, -0.4012476
G01 1.3791490, 0.9196710, -0.3926898
G01 1.4595658, 0.9232924, -0.3840979
G01 1.5399825, 0.9268335, -0.3754725
G01 1.6203993, 0.9302941, -0.3668146
G01 1.7008161, 0.9336737, -0.3581247
G01 1.7812328, 0.9369723, -0.3494038
G01 1.7839063, 0.9423004, -0.3347685
G01 1.7839063, 0.9474355, -0.3199467
G01 1.7839063, 0.9523375, -0.3050462
G01 1.7841369, 0.9570045, -0.2900732
G01 1.8739593, 0.9575468, -0.2882779
G01 1.9739591, 0.9575567, -0.2882451
G01 2.0739589, 0.9575665, -0.2882124
G01 2.1739586, 0.9575764, -0.2881796
G01 2.2739584, 0.9575862, -0.2881468
G01 2.3739582, 0.9575961, -0.2881141
G01 2.4739579, 0.9576060, -0.2880813
G01 2.5739577, 0.9576158, -0.2880485
G01 2.6170671, 0.9548180, -0.2971913
G01 2.6170671, 0.9500389, -0.3121316
G01 2.6170671, 0.9450260, -0.3269952
G01 2.6752655, 0.9437387, -0.3306920
G01 2.7701849, 0.9453596, -0.3260294
G01 2.8651043, 0.9469575, -0.3213588
G01 2.9600237, 0.9485323, -0.3166804
G01 3.0549430, 0.9500840, -0.3119943
G01 3.1498624, 0.9516125, -0.3073005
G01 3.2447818, 0.9531179, -0.3025993
G01 3.3397012, 0.9546000, -0.2978907
G01 3.4346205, 0.9560588, -0.2931749
G01 3.5295399, 0.9574944, -0.2884519
G01 3.5908898, 0.9601299, -0.2795543
G01 3.5128660, 0.9621418, -0.2725493
G01 3.4179467, 0.9634755, -0.2677965
G01 3.3230273, 0.9647857, -0.2630372
G01 3.2281079, 0.9660724, -0.2582715
G01 3.1331885, 0.9673355, -0.2534995
G01 3.0382692, 0.9685751, -0.2487213
G01 2.9433498, 0.9697911, -0.2439371
G01 2.8484304, 0.9709834, -0.2391469
G01 2.7535111, 0.9721521, -0.2343509
G01 2.6585917, 0.9732971, -0.2295492
G01 2.6170663, 0.9715382, -0.2368831
G01 2.6170663, 0.9677030, -0.2520931
G01 2.6170663, 0.9636297, -0.2672411
G01 2.5587347, 0.9616732, -0.2741981
G01 2.4587348, 0.9616793, -0.2741768
G01 2.3587349, 0.9616854, -0.2741555
G01 2.2587350, 0.9616914, -0.2741342
G01 2.1587351, 0.9616975, -0.2741129
G01 2.0587352, 0.9617036, -0.2740916
G01 1.9587353, 0.9617097, -0.2740703
G01 1.8587354, 0.9617157, -0.2740490
G01 1.7839063, 0.9617203, -0.2740331

TORCH_OFF
