COMP_RIGHT

LEADIN_ON

TABS 0

T_PLASMA

SURF_OD

F 40.00

TUV 0.00, 0.00 //no torch tilt (bevel)

TORCH_ON

G01 0.0000000, 0.7975128, -0.6033021
G01 0.0771095, 0.8034985, -0.5953067
G01 0.1542190, 0.8094041, -0.5872520
G01 0.2313285, 0.8152290, -0.5791387
G01 0.3084380, 0.8209726, -0.5709677
G01 0.3855475, 0.8266342, -0.5627396
G01 0.4626570, 0.8322134, -0.5544555
G01 0.5397666, 0.8377096, -0.5461160
G01 0.6168761, 0.8431222, -0.5377221
G01 0.6939856, 0.8484507, -0.5292745
G01 0.7710951, 0.8536945, -0.5207741
G01 0.8482046, 0.8588532, -0.5122218
G01 0.9253141, 0.8639263, -0.5036183
G01 1.0024236, 0.8689131, -0.4949647
G01 1.0795331, 0.8738133, -0.4862616
G01 1.1566426, 0.8786263, -0.4775101
G01 1.2337521, 0.8833516, -0.4687109
G01 1.3108616, 0.8879889, -0.4598649
G01 1.3879711, 0.8925375, -0.4509731
G01 1.4650807, 0.8969971, -0.4420363
G01 1.5421902, 0.9013673, -0.4330554
G01 1.6192997, 0.9056475, -0.4240313
G01 1.6964092, 0.9098374, -0.4149650
G01 1.7735187, 0.9139365, -0.4058572
G01 1.8506282, 0.9179445, -0.3967089
G01 1.9277377, 0.9218609, -0.3875210
G01 2.0048472, 0.9256853, -0.3782945
G01 2.0819567, 0.9294174, -0.3690303
G01 2.1590662, 0.9330567, -0.3597292
G01 2.2361757, 0.9366030, -0.3503923
G01 2.3132852, 0.9400559, -0.3410204
G01 2.3903947, 0.9434150, -0.3316145
G01 2.4675043, 0.9466800, -0.3221755
G01 2.5446138, 0.9498505, -0.3127044
G01 2.6217233, 0.9529263, -0.3032021
G01 2.6988328, 0.9559070, -0.2936695
G01 2.7759423, 0.9587924, -0.2841076
G01 2.8530518, 0.9615821, -0.2745174
G01 2.9301613, 0.9642759, -0.2648998
G01 3.0072708, 0.9668736, -0.2552558
G01 3.0843803, 0.9693747, -0.2455863
G01 3.1614898, 0.9717792, -0.2358924
G01 3.2385993, 0.9740867, -0.2261749
G01 3.3157088, 0.9762971, -0.2164348
G01 3.3928184, 0.9784100, -0.2066731
G01 3.4699279, 0.9804254, -0.1968909
G01 3.5470374, 0.9823430, -0.1870889
G01 3.6241469, 0.9841626, -0.1772684
G01 3.7012564, 0.9858839, -0.1674301
G01 3.7783659, 0.9875070, -0.1575751
G01 3.8554754, 0.9890315, -0.1477045
G01 3.9325849, 0.9904574, -0.1378190
G01 4.0096944, 0.9917845, -0.1279199
G01 4.0868039, 0.9930127, -0.1180079
G01 4.1639134, 0.9941417, -0.1080842
G01 4.2410229, 0.9951717, -0.0981498
G01 4.3181324, 0.9961023, -0.0882055
G01 4.3952420, 0.9969336, -0.0782524
G01 4.4723515, 0.9976654, -0.0682915
G01 4.5494610, 0.9982977, -0.0583239
G01 4.6265705, 0.9988304, -0.0483504
G01 4.7036800, 0.9992635, -0.0383720
G01 4.7807895, 0.9995969, -0.0283899
G01 4.8578990, 0.9998306, -0.0184049
G01 4.9350085, 0.9999646, -0.0084181
G01 4.9959028, 0.9999972, -0.0023458
G01 4.9564099, 0.9998596, -0.0167562
G01 4.9169169, 0.9995143, -0.0311631
G01 4.8774240, 0.9989614, -0.0455635
G01 4.8379310, 0.9982011, -0.0599545
G01 4.7984381, 0.9972335, -0.0743330
G01 4.7589452, 0.9960587, -0.0886961
G01 4.7194522, 0.9946771, -0.1030407
G01 4.6799593, 0.9930890, -0.1173640
G01 4.6404663, 0.9912946, -0.1316629
G01 4.6009734, 0.9892943, -0.1459344
G01 4.5614805, 0.9870885, -0.1601756
G01 4.5219875, 0.9846778, -0.1743836
G01 4.4824946, 0.9820626, -0.1885554
G01 4.4430016, 0.9792434, -0.2026879
G01 4.4035087, 0.9762208, -0.2167784
G01 4.3640157, 0.9729955, -0.2308239
G01 4.3245228, 0.9695682, -0.2448215
G01 4.2850299, 0.9659395, -0.2587682
G01 4.2455369, 0.9621101, -0.2726611
G01 4.2060440, 0.9580810, -0.2864974
G01 4.1665510, 0.9538529, -0.3002743
G01 4.1270581, 0.9494267, -0.3139887
G01 4.0875652, 0.9448033, -0.3276380
G01 4.0480722, 0.9399837, -0.3412192
G01 4.0085793, 0.9349689, -0.3547296
G01 3.9690863, 0.9297600, -0.3681663
G01 3.9295934, 0.9243579, -0.3815265
G01 3.8901004, 0.9187639, -0.3948075
G01 3.8506075, 0.9129790, -0.4080065
G01 3.8111146, 0.9070046, -0.4211207
G01 3.7716216, 0.9008418, -0.4341476
G01 3.7321287, 0.8944919, -0.4470842
G01 3.6926357, 0.8879562, -0.4599280
G01 3.6531428, 0.8812361, -0.4726763
G01 3.6136499, 0.8743331, -0.4853264
G01 3.5741569, 0.8672484, -0.4978757
G01 3.5346640, 0.8599836, -0.5103216
G01 3.4951710, 0.8525403, -0.5226616
G01 3.4345205, 0.8471240, -0.5313953
G01 3.3358106, 0.8457867, -0.5335212
G01 3.2371008, 0.8444440, -0.5356438
G01 3.1383909, 0.8430961, -0.5377630
G01 3.0396811, 0.8417428, -0.5398788
G01 2.9409712, 0.8403842, -0.5419912
G01 2.8422613, 0.8390203, -0.5441002
G01 2.7435515, 0.8376511, -0.5462057
G01 2.6448416, 0.8362766, -0.5483079
G01 2.5461318, 0.8348968, -0.5504065
G01 2.4474219, 0.8335118, -0.5525017
G01 2.3487120, 0.8321215, -0.5545934
G01 2.2500022, 0.8307260, -0.5566816
G01 2.1512923, 0.8293252, -0.5587662
G01 2.0525825, 0.8279192, -0.5608474
G01 1.9538726, 0.8265080, -0.5629250
G01 1.8551627, 0.8250915, -0.5649991
G01 1.7564529, 0.8236699, -0.5670696
G01 1.6577430, 0.8222431, -0.5691365
G01 1.5590332, 0.8208110, -0.5711998
G01 1.4603233, 0.8193738, -0.5732596
G01 1.3616134, 0.8179314, -0.5753157
G01 1.2629036, 0.8164839, -0.5773682
G01 1.1641937, 0.8150312, -0.5794170
G01 1.0654839, 0.8135734, -0.5814622
G01 0.9667740, 0.8121105, -0.5835037
G01 0.8680641, 0.8106424, -0.5855416
G01 0.7693543, 0.8091692, -0.5875757
G01 0.6706444, 0.8076909, -0.5896062
G01 0.5719346, 0.8062075, -0.5916329
G01 0.4732247, 0.8047190, -0.5936559
G01 0.3745148, 0.8032255, -0.5956751
G01 0.2758050, 0.8017268, -0.5976906
G01 0.1770951, 0.8002232, -0.5997023
G01 0.0783853, 0.7987144, -0.6017103
G01 0.0000000, 0.7975128, -0.6033021

TORCH_OFF
